2.444474421702169600e+18 2.083444076600378114e+00 -5.249149148347695970e+00
3.851186235341998080e+17 5.017223870794606633e+00 4.272882352736445455e+01
2.375647158466153984e+18 8.477622845644853911e+00 -1.213381799235760283e+01
2.777565593820729856e+18 1.534836768110547389e+01 1.525056680354805927e+01
2.933171034950937600e+16 4.786047731419778728e+01 1.261731183025278469e+01
1.257504276113804800e+17 5.090946288889943361e+01 3.397350219998693177e+01
1.673092484252902400e+16 5.121234348467104525e+01 1.225446670490516077e+01
4.918058516869120000e+17 5.283548709219615347e+01 6.672569399089528019e+01
2.313773142390360320e+17 5.900954556094418280e+01 4.198832244284847093e+01
3.202470247468181504e+18 6.374486652432538136e+01 -5.629426746510052482e+00
3.204767092898845696e+18 6.755517253334633665e+01 -3.054716906353154737e+00
4.715871728835512320e+17 6.930231043708172933e+01 6.073953825068807078e+01
3.214073909072571904e+18 8.135682912939543598e+01 -2.319846422870851743e+00
3.338866382881422336e+18 8.167955623252117903e+01 9.817645994451984492e+00
2.910503176753011712e+18 8.910424318559036294e+01 -2.785966663845256974e+01
3.159774183738728448e+18 1.064429139658755332e+02 1.130896776101247170e+01
8.668633210516821760e+17 1.126727085306462470e+02 2.408517626542526102e+01
6.722830231620524800e+17 1.139779445912106866e+02 1.920306098988532639e+01
1.111624642439469824e+18 1.067268419081666622e+02 7.230771837450583917e+01
5.967648193538822400e+17 1.326153092064486145e+02 7.618975239074636363e+00
6.897954946134361600e+17 1.344978495513953476e+02 2.447188950899430893e+01
5.759671677898613760e+18 1.376876059792698754e+02 -3.803778500834129606e+00
7.936168457065027840e+17 1.469257453256250017e+02 3.337905828544686671e+01
4.005317278538492928e+18 1.761462954988655838e+02 2.553638796454148974e+01
8.586263640513239040e+17 1.767667232978133143e+02 5.999354472271404859e+01
4.034171629042489344e+18 1.782666506009672958e+02 3.769363492973520380e+01
3.699174968912810496e+18 1.827321584163613579e+02 3.965508146748082385e-01
1.677649895521907200e+18 1.994146719481435071e+02 6.425270916160758361e+01
3.662741860852093952e+18 2.050093987968793954e+02 -3.888650025579810932e-02
1.458016709798909952e+18 2.097899806213881675e+02 3.385909930517651389e+01
3.643857920443831296e+18 2.106251389495576518e+02 -5.653144344937094168e+00
1.255095276181144320e+18 2.187127447794403565e+02 2.516609008394868852e+01
1.607208755375882240e+18 2.190357950216495340e+02 5.555000589246276377e+01
1.698452037044277760e+18 2.211746351906052439e+02 7.145147277248499051e+01
1.157100026750416640e+18 2.281332458007236426e+02 6.026139655772267290e+00
4.425854676297422848e+18 2.403391486742032441e+02 5.393989401764588187e+00
1.383605782919581696e+18 2.408042737217047318e+02 4.224471973188197893e+01
1.301595512706568960e+18 2.449650434829032690e+02 2.263702888827021198e+01
4.568304825812360192e+18 2.573139390411886893e+02 2.273512285128665411e+01
4.376174445988280320e+18 2.649384020076456068e+02 2.416881082102591893e+00
4.585593684089622016e+18 2.760531378016548274e+02 2.728556413260106694e+01
2.245381178339143424e+18 3.088585505115929664e+02 6.490214960847887937e+01
1.754794277028410368e+18 3.106034851262518828e+02 1.129093859188393267e+01
2.685833132557398528e+18 3.191746182522857680e+02 -1.303507716663657501e+00
2.692271460332803584e+18 3.196341603494133778e+02 2.605336550497419079e+00
2.688113962054816256e+18 3.234034382780699843e+02 3.954066745529097315e-01
1.945845069576623872e+18 3.255431314562328566e+02 3.099560939172137353e+01
1.946297900868982016e+18 3.288211671918792831e+02 3.264530042657649744e+01
2.708409091279404544e+18 3.349747670528416279e+02 5.429939571476365856e+00
2.219975484711250432e+18 3.353359235054927012e+02 6.846440984391415441e+01
2.000491037995373056e+18 3.371233258159218735e+02 5.117097715141583336e+01
2.201855464367882240e+18 3.399831957427830957e+02 6.171829592258191610e+01
1.891101558156903936e+18 3.441139821721414478e+02 3.388273173781278302e+01
2.233054931436529664e+18 3.449294431234285980e+02 7.565342297564784246e+01
